Case #1: 33.333333 66.666667 
Case #2: 0.000000 100.000000 
Case #3: 25.000000 25.000000 25.000000 25.000000 
Case #4: 34.666667 26.666667 38.666667 
Case #5: 12.719960 12.719960 12.493715 13.398693 0.000000 12.041227 12.719960 12.267471 12.041227 
Case #6: 18.798450 20.542636 20.833333 12.112403 13.856589 13.856589 
Case #7: 22.222222 22.222222 22.222222 0.000000 22.222222 22.222222 22.222222 22.222222 22.222222 
Case #8: 10.068762 18.713163 20.481336 10.658153 15.766208 9.086444 8.497053 6.728880 
Case #9: 25.000000 25.000000 25.000000 0.000000 25.000000 25.000000 25.000000 25.000000 
Case #10: 50.000000 50.000000 
Case #11: 21.900679 0.000000 22.222222 0.000000 22.222222 0.000000 22.222222 0.000000 22.222222 
Case #12: 40.000000 0.000000 39.253731 0.000000 40.000000 
Case #13: 22.222222 0.000000 0.000000 21.861211 22.222222 0.000000 22.222222 0.000000 21.861211 
Case #14: 66.666667 33.333333 
Case #15: 10.000000 10.000000 10.000000 10.000000 10.000000 10.000000 10.000000 10.000000 10.000000 10.000000 
Case #16: 47.435897 52.564103 
Case #17: 18.260870 81.739130 
Case #18: 100.000000 0.000000 
Case #19: 85.981308 14.018692 
Case #20: 10.000000 10.000000 10.000000 10.000000 10.000000 10.000000 10.000000 10.000000 10.000000 10.000000 
