100
3 1 5 15 13 11
3 0 8 23 22 21
2 2 9 22 14
3 0 6 10 25 1
1 0 4 9
3 1 7 18 18 17
1 1 1 12
3 2 1 30 9 22
2 1 5 11 11
2 1 9 29 23
3 2 9 6 12 18
3 0 2 15 15 7
1 0 0 4
3 0 7 17 20 2
2 0 5 21 23
1 0 10 19
1 0 0 30
3 0 6 14 4 15
2 0 9 23 30
1 0 9 24
2 0 8 26 21
2 0 0 0 0
1 0 10 30
1 0 2 2
1 0 4 8
1 0 7 18
2 0 5 12 28
3 3 9 10 12 8
2 1 1 0 25
2 2 9 14 17
2 0 10 27 27
3 3 1 3 12 19
1 1 9 21
2 1 8 4 5
1 0 10 15
2 2 0 20 22
3 0 0 21 22 7
3 0 6 1 5 4
1 0 5 12
3 1 6 15 17 15
1 1 2 20
1 1 1 3
1 1 2 14
3 0 1 0 0 0
1 0 3 5
1 0 2 2
1 1 8 2
2 2 1 7 11
2 2 8 14 14
1 0 9 23
2 0 5 0 1
3 0 4 9 8 9
1 0 6 16
3 0 0 16 9 12
2 1 10 26 29
3 1 5 27 12 12
1 0 8 20
2 0 9 16 25
3 1 9 24 24 23
3 2 5 12 11 11
2 0 9 23 23
2 0 7 17 18
3 0 7 3 28 6
1 0 0 23
2 0 2 21 22
2 0 1 28 7
3 0 1 17 25 8
1 0 6 15
2 2 9 2 12
3 0 5 16 12 11
1 0 9 24
3 0 3 0 22 29
2 1 3 5 6
3 3 5 9 9 4
2 1 5 12 12
1 0 7 26
2 2 5 24 26
1 0 5 12
3 2 0 4 24 16
3 0 3 11 16 5
3 0 10 29 4 13
1 0 2 3
2 0 5 12 12
1 1 3 21
1 0 8 24
2 1 6 14 14
3 1 1 15 16 23
2 2 10 3 8
1 0 2 3
1 0 3 5
3 3 5 28 23 2
2 0 4 29 8
3 0 1 1 29 12
2 0 9 30 23
2 1 6 14 28
1 0 8 21
2 0 9 7 18
2 0 3 6 26
1 0 10 26
2 1 8 20 20
