100
3 1 5 15 13 11
3 0 8 23 22 21
2 1 6 16 5
2 2 10 7 13
3 3 6 10 23 13
2 2 6 5 8
1 0 5 25
2 1 2 4 19
1 0 8 30
3 2 0 4 2 3
1 0 8 20
2 0 7 20 17
2 2 5 16 14
2 1 7 17 18
3 0 0 0 0 0
3 3 8 16 15 17
2 2 7 5 14
2 0 6 9 15
2 0 3 25 5
3 3 1 11 14 7
1 1 3 9
3 1 7 28 11 12
3 0 5 16 13 11
3 0 8 21 21 24
3 2 0 13 24 21
1 0 5 12
3 0 8 6 14 19
3 3 10 22 5 23
2 0 8 5 29
2 1 3 23 11
2 1 5 27 23
3 3 8 13 19 6
2 2 1 5 23
1 1 1 26
2 0 10 27 26
3 2 5 1 22 16
1 0 2 2
1 0 9 23
2 2 4 11 19
3 1 8 13 20 21
2 0 9 23 24
2 1 5 24 25
1 0 4 8
3 0 4 2 23 25
1 0 7 6
3 2 1 16 0 14
2 0 2 26 3
3 3 2 6 20 12
2 0 10 30 30
2 0 5 12 21
3 1 9 30 5 19
2 2 9 24 5
1 1 10 24
1 1 6 8
2 1 0 10 23
3 0 2 3 3 2
3 0 2 19 26 22
3 3 7 27 21 2
2 1 8 14 18
2 0 10 27 11
1 0 6 15
3 3 9 15 6 2
2 0 2 26 25
3 1 1 5 3 22
2 0 9 24 14
2 0 9 25 4
2 1 8 20 21
3 1 8 17 21 21
3 0 6 2 16 4
1 0 2 15
3 2 8 21 9 17
1 1 2 22
1 0 6 15
1 1 5 21
3 2 7 20 18 28
3 1 4 9 8 8
3 0 0 30 30 30
2 1 8 20 20
2 2 6 26 4
3 2 1 26 10 26
3 2 9 23 24 23
1 1 0 24
3 0 0 28 2 20
2 2 8 5 3
3 0 1 0 0 0
1 0 5 30
3 0 3 3 10 6
3 0 4 9 11 1
3 0 0 13 18 15
1 0 0 18
2 1 2 26 18
2 0 8 8 0
2 1 6 15 14
1 1 1 14
1 0 0 7
3 0 9 26 0 18
2 0 5 18 25
2 0 6 23 29
1 1 5 13
1 0 3 5
