40
3 2 100
3 5 7
4 8 16
1 20 5 2
5 1253 2084
5689 3984 7978 9167 3906
7 5 10000
9726 9762 9714 9678 9822 9978 9942
5 1459 7794
1018 1191 2531 3815 3912
5 3646 9714
5649 8583 120 5060 7671
10 2 10000
10 1 3 7 5 2310 6 2 11 15
13 1 10000
1304 3411 3246 2031 8396 7173 1975 6943 1407 8824 6230 9220 1824
6 2 10000
9941 9929 9949 9967 9973 9931
5 2016 7990
8503 7143 2960 8287 612
5 9986 9986
3153 6120 9817 4463 1146
10 2 10000
10 7 6 11 1 15 5 2 3 30
3 2 50
3 5 75
51 636 1270
3810 127 3810 127 3810 127 127 127 127 127 127 3810 127 3810 127 3810 3810 127 3810 3810 3810 127 127 127 3810 3810 3810 127 127 3810 127 3810 3810 3810 127 3810 3810 127 127 3810 3810 127 127 127 127 127 3810 3810 3810 3810 3810
5 6473 9456
1947 5675 9746 937 3883
15 2 10000
8633 1 1 8633 8633 8633 1 8633 1 8633 8633 1 1 8633 1
10 8326 9991
45 5 3 15 37 333 111 185 9 555
10 61 119
8 4320 5040 3600 40 3 5760 2160 60 20
51 3150 6297
6298 3149 6298 6298 3149 3149 3149 3149 3149 6298 3149 3149 6298 6298 6298 3149 6298 3149 3149 3149 6298 3149 6298 6298 6298 6298 3149 6298 6298 3149 3149 3149 6298 6298 6298 6298 3149 6298 3149 6298 6298 6298 3149 3149 6298 6298 6298 3149 3149 3149 3149
5 8387 8470
2916 2255 5184 6916 2696
5 1647 6420
6135 3572 3209 4308 6529
2 5001 10000
2500 5000
5 4086 7478
1095 2215 1656 1413 5911
5 1933 4665
5474 1274 7 4725 4383
5 871 9659
1733 3202 1400 7011 3015
100 2 10000
1496 1241 1020 1156 1666 391 1258 1581 1411 561 1649 595 170 238 1530 1309 578 1479 255 1428 1037 408 918 935 102 765 1700 68 748 1224 1190 1547 357 850 901 1292 442 646 1139 289 1394 493 221 612 119 1462 1513 85 1377 1360 663 1054 1343 629 680 1122 1598 34 306 714 1088 340 867 544 799 1173 476 272 1564 510 697 969 1445 1105 187 1717 816 323 1207 51 527 731 425 1071 374 986 136 1683 1632 884 459 1615 1275 1003 204 1326 153 952 833 782
100 1 10000
5897 8497 1509 2081 4380 3479 6420 8456 7715 5676 1029 1309 8381 563 2418 3815 1476 6920 3321 511 9893 9167 5716 8639 4468 5172 9320 8916 7183 9840 4442 6292 9055 6983 7674 1732 7883 2327 8245 134 3190 1810 9717 1201 9549 1086 1895 9330 8383 9728 1804 3025 4491 9874 5648 7694 2423 230 4475 6481 6837 6165 9880 7304 6483 4919 7636 4704 7684 8685 7961 4927 5170 7066 7030 2055 346 8129 2172 1836 2066 2855 3909 451 3340 7561 8063 6567 7856 279 7844 1082 8093 8996 1610 9875 30 9779 5483 2546
5 4211 6992
9889 4441 508 4513 1411
5 3656 6909
624 9729 2656 9835 2062
5 2889 3656
5816 3502 700 6856 9823
5 1243 1689
1836 614 1471 8411 2009
5 1266 7939
3838 4225 2501 4408 6037
10 61 119
30 10 8280 8640 9720 20 2520 3 2 4680
50 2 10000
6 18 1008 84 14 45 36 5040 72 315 4 168 35 5 140 1680 360 48 1260 10 252 720 420 60 8 21 630 336 56 280 15 42 210 2 28 504 240 112 63 840 105 560 1 9 180 16 90 144 7 2520
5 1313 3617
7915 1054 8271 670 5858
5 3447 7147
9307 2759 5954 3406 6475
100 19 54
9828 4914 9666 9072 8856 9234 2430 7668 5994 2160 1242 8910 7020 9504 4968 6426 6318 6966 4536 2376 3510 810 4320 7236 5562 4428 7074 5778 7182 1350 7614 3672 5832 9720 7398 7344 9396 3726 8316 3996 8748 1944 1620 4266 9126 5400 5022 2754 9450 1836 6210 972 5454 6696 5346 4482 6588 9882 5670 4698 7506 2322 702 6912 2484 3240 9018 1674 6858 1134 1566 864 8154 1782 3294 5076 918 5724 8532 7776 5886 594 5238 2268 9342 3564 2970 7938 5616 4374 3132 3888 5292 4590 7830 8262 4050 3834 7290 7128
5 7436 8094
1506 9425 161 9230 7240
5 2347 3843
6257 6721 7777 7072 9426
4 2 10000
17 49 4 3
