Case #1:
1100000000000011 3 4 5 6 7 8 9 10 11 
1010000000000101 5 10 17 26 37 50 65 82 101 
1110000000000111 7 13 21 31 43 57 73 91 111 
1001000000001001 9 28 65 126 217 344 513 730 1001 
1011000000001101 13 37 81 151 253 393 577 811 1101 
1111000000001111 15 40 85 156 259 400 585 820 1111 
1000100000010001 17 82 257 626 1297 2402 4097 6562 10001 
1001100000011001 25 109 321 751 1513 2745 4609 7291 11001 
1011100000011101 29 118 337 776 1549 2794 4673 7372 11101 
1111100000011111 31 121 341 781 1555 2801 4681 7381 11111 
1000010000100001 33 244 1025 3126 7777 16808 32769 59050 100001 
1000110000110001 49 325 1281 3751 9073 19209 36865 65611 110001 
1001110000111001 57 352 1345 3876 9289 19552 37377 66340 111001 
1011110000111101 61 361 1361 3901 9325 19601 37441 66421 111101 
1111110000111111 63 364 1365 3906 9331 19608 37449 66430 111111 
1000001001000001 65 730 4097 15626 46657 117650 262145 531442 1000001 
1000011001100001 97 973 5121 18751 54433 134457 294913 590491 1100001 
1000111001110001 113 1054 5377 19376 55729 136858 299009 597052 1110001 
1001111001111001 121 1081 5441 19501 55945 137201 299521 597781 1111001 
1011111001111101 125 1090 5457 19526 55981 137250 299585 597862 1111101 
1111111001111111 127 1093 5461 19531 55987 137257 299593 597871 1111111 
1000000110000001 129 2188 16385 78126 279937 823544 2097153 4782970 10000001 
1000001111000001 193 2917 20481 93751 326593 941193 2359297 5314411 11000001 
1000011111100001 225 3160 21505 96876 334369 958000 2392065 5373460 11100001 
1000111111110001 241 3241 21761 97501 335665 960401 2396161 5380021 11110001 
1001111111111001 249 3268 21825 97626 335881 960744 2396673 5380750 11111001 
1011111111111101 253 3277 21841 97651 335917 960793 2396737 5380831 11111101 
1111111111111111 255 3280 21845 97656 335923 960800 2396745 5380840 11111111 
1000000110000001 257 6562 65537 390626 1679617 5764802 16777217 43046722 100000001 
1000000110000001 385 8749 81921 468751 1959553 6588345 18874369 47829691 110000001 
1000001111000001 449 9478 86017 484376 2006209 6705994 19136513 48361132 111000001 
1000011111100001 481 9721 87041 487501 2013985 6722801 19169281 48420181 111100001 
1000111111110001 497 9802 87297 488126 2015281 6725202 19173377 48426742 111110001 
1001111111111001 505 9829 87361 488251 2015497 6725545 19173889 48427471 111111001 
1011111111111101 509 9838 87377 488276 2015533 6725594 19173953 48427552 111111101 
1111111111111111 511 9841 87381 488281 2015539 6725601 19173961 48427561 111111111 
1000001001000001 513 19684 262145 1953126 10077697 40353608 134217729 387420490 1000000001 
1000001111000001 769 26245 327681 2343751 11757313 46118409 150994945 430467211 1100000001 
1000001111000001 897 28432 344065 2421876 12037249 46941952 153092097 435250180 1110000001 
1000001111000001 961 29161 348161 2437501 12083905 47059601 153354241 435781621 1111000001 
1000011111100001 993 29404 349185 2440626 12091681 47076408 153387009 435840670 1111100001 
1000111111110001 1009 29485 349441 2441251 12092977 47078809 153391105 435847231 1111110001 
1001111111111001 1017 29512 349505 2441376 12093193 47079152 153391617 435847960 1111111001 
1011111111111101 1021 29521 349521 2441401 12093229 47079201 153391681 435848041 1111111101 
1111111111111111 1023 29524 349525 2441406 12093235 47079208 153391689 435848050 1111111111 
1000010000100001 1025 59050 1048577 9765626 60466177 282475250 1073741825 3486784402 10000000001 
1000011001100001 1537 78733 1310721 11718751 70543873 322828857 1207959553 3874204891 11000000001 
1000011111100001 1793 85294 1376257 12109376 72223489 328593658 1224736769 3917251612 11100000001 
1000011111100001 1921 87481 1392641 12187501 72503425 329417201 1226833921 3922034581 11110000001 
1000011111100001 1985 88210 1396737 12203126 72550081 329534850 1227096065 3922566022 11111000001 
